The following 46 readings indicate dangerously steep waves: 

2013 1 2 10 43 1.23 6.5
2013 1 4 9 31 1.33 7.2
2013 1 7 14 6 1.1 6.8
2013 1 11 16 19 1 5.4
2013 1 23 22 53 1.61 6.2
2013 1 29 8 22 1.54 6.78
2013 2 2 21 45 2 8
2013 2 5 7 15 2.35 10.83
2013 2 14 14 23 2.29 5.41
2013 2 20 24 22 2.08 13.21
2013 3 5 9 15 1.27 5.8
2013 3 8 21 24 0.97 5.74
2013 4 3 12 4 2.28 11.62
2013 4 18 13 41 1.23 6.15
2013 5 1 6 12 1.89 12.4
2013 5 8 9 6 1.3 3.11
2013 5 15 8 38 1.68 1.05
2013 5 21 18 55 2.75 8.51
2013 5 24 21 20 1.34 4.4
2013 5 28 14 22 2.32 2.43
2013 6 12 0 31 2.6 6.43
2013 6 17 13 49 1.53 5.52
2013 6 22 9 11 2.36 11.33
2013 6 29 13 51 2.02 12.7
2013 7 20 17 36 1 1.97
2013 7 23 1 28 1.72 11.15
2013 7 26 23 50 2.25 9.33
2013 8 12 23 30 1.07 4.46
2013 8 19 8 45 1.79 9.47
2013 8 26 0 50 1.75 6.32
2013 8 30 15 46 2.14 3.1
2013 9 1 16 11 2.54 17.45
2013 9 4 5 57 2.64 7.04
2013 9 11 3 40 2.43 12.9
2013 9 29 12 17 1.78 4.05
2013 10 4 12 31 1.31 7.4
2013 10 7 16 15 2 1.24
2013 10 8 1 40 0.96 3.8
2013 10 14 14 33 1.91 2.62
2013 10 31 5 21 1.9 13.01
2013 11 7 20 15 1.85 9.83
2013 11 9 17 57 2.26 8.33
2013 11 27 1 23 1.99 12.29
2013 12 1 17 45 1.49 8.52
2013 12 9 20 46 2.36 5.92
2013 12 24 16 7 0.77 4.79
